# .test .cputime .temperature .time_mat1 .time_mat2
1 0.000877  0.000 0.000015 0.000003
2 0.001700  0.000 0.000004 0.000003
3 0.002774  0.000 0.000020 0.000003
4 0.003745  0.000 0.000004 0.000003
5 0.004638  0.000 0.000071 0.000004
6 0.005603 -0.487 0.000005 0.000004
7 0.006574 -0.487 0.000022 0.000004
8 0.007459 -0.487 0.000006 0.000005
9 0.008401 -0.974 0.000018 0.000005
10 0.009464 -0.974 0.000016 0.000006
11 0.010392 -1.461 0.000021 0.000007
12 0.011198 -1.461 0.000018 0.000007
13 0.012039 -1.461 0.000023 0.000008
14 0.012828 -1.461 0.000019 0.000009
15 0.013819  0.000 0.000024 0.000010
16 0.014671  0.000 0.000022 0.000011
17 0.015541  0.000 0.000026 0.000013
18 0.016422  0.000 0.000024 0.000013
19 0.017428 -0.487 0.000029 0.000015
20 0.018126  0.000 0.000025 0.000016
21 0.019023 -0.974 0.000027 0.000018
22 0.020024 -0.487 0.000032 0.000019
23 0.020893  0.487 0.000030 0.000021
24 0.021785  0.000 0.000034 0.000023
25 0.022687  0.487 0.000033 0.000024
26 0.023507  0.000 0.000038 0.000028
27 0.024520 -0.487 0.000037 0.000029
28 0.025174  1.461 0.000041 0.000032
29 0.026169  0.487 0.000039 0.000034
30 0.026986 -0.487 0.000045 0.000036
31 0.028078  0.000 0.000042 0.000038
32 0.028886  0.000 0.000050 0.000042
33 0.029949  0.000 0.000038 0.000044
34 0.030625  0.487 0.000058 0.000047
35 0.031530  0.000 0.000042 0.000050
36 0.032287  0.000 0.000061 0.000052
37 0.033408  0.000 0.000046 0.000055
38 0.034052 -0.487 0.000068 0.000057
39 0.035152 -0.487 0.000051 0.000061
40 0.035955  1.461 0.000072 0.000062
41 0.036904  0.487 0.000055 0.000066
42 0.037741  0.000 0.000077 0.000069
43 0.038422  0.000 0.000061 0.000072
44 0.039479 -0.974 0.000083 0.000076
45 0.040605  0.000 0.000066 0.000078
46 0.041494  0.974 0.000088 0.000082
47 0.042140  0.000 0.000072 0.000086
48 0.042845  0.000 0.000094 0.000089
49 0.044009  0.000 0.000077 0.000092
50 0.044733  0.487 0.000099 0.000096
51 0.045664  1.461 0.000084 0.000101
52 0.046759  0.487 0.000106 0.000104
53 0.047993  0.487 0.000090 0.000107
54 0.048736  0.000 0.000112 0.000114
55 0.049505  0.974 0.000096 0.000115
56 0.050259  0.000 0.000119 0.000121
57 0.051163  0.487 0.000103 0.000125
58 0.051748  0.000 0.000126 0.000129
59 0.052838  0.000 0.000110 0.000133
60 0.054230 -0.487 0.000130 0.000138
61 0.055083  0.487 0.000128 0.000142
62 0.055892  0.000 0.000137 0.000146
63 0.056848  0.000 0.000186 0.000150
64 0.057468  1.461 0.000146 0.000155
65 0.058262  1.461 0.000145 0.000159
66 0.059179  0.974 0.000154 0.000164
67 0.060412  1.461 0.000153 0.000169
68 0.061181  0.974 0.000161 0.000172
69 0.062236  0.487 0.000162 0.000179
70 0.062854  0.487 0.000169 0.000181
71 0.063925  1.461 0.000169 0.000186
72 0.064344  0.487 0.000175 0.000194
73 0.065515  0.487 0.000183 0.000198
74 0.066651  0.487 0.000234 0.000206
75 0.067632  0.974 0.000191 0.000209
76 0.068631  0.974 0.000192 0.000213
77 0.069340  0.487 0.000201 0.000219
78 0.069874  0.974 0.000201 0.000224
79 0.070952  0.974 0.000210 0.000230
80 0.071862  0.974 0.000210 0.000235
81 0.073446  1.461 0.000220 0.000240
82 0.073947  0.000 0.000221 0.000246
83 0.074691  1.948 0.000229 0.000252
84 0.075411  0.974 0.000219 0.000259
85 0.076357 -0.487 0.000244 0.000263
86 0.076999  0.487 0.000227 0.000271
87 0.078124  0.487 0.000294 0.000277
88 0.078763  0.487 0.000238 0.000284
89 0.080443  0.487 0.000265 0.000290
90 0.081163  1.461 0.000249 0.000297
91 0.081934  0.487 0.000274 0.000304
92 0.082897  2.922 0.000260 0.000310
93 0.083671  1.461 0.000287 0.000316
94 0.084143  0.974 0.000271 0.000323
95 0.085293  1.948 0.000301 0.000330
96 0.086760  1.948 0.000283 0.000336
97 0.087530  0.974 0.000310 0.000343
98 0.088230  1.948 0.000294 0.000351
99 0.089049  0.974 0.000322 0.000402
100 0.089807  1.461 0.000306 0.000366
101 0.090818  1.461 0.000332 0.000372
102 0.092577  2.922 0.000319 0.000425
103 0.093372  1.948 0.000345 0.000384
104 0.094056  0.487 0.000331 0.000395
105 0.094537  1.461 0.000359 0.000403
106 0.095782  0.974 0.000343 0.000411
107 0.096339  1.948 0.000372 0.000418
108 0.097132  1.461 0.000357 0.000428
109 0.097998  1.461 0.000386 0.000434
110 0.099472  1.948 0.000369 0.000440
111 0.100343  0.487 0.000393 0.000447
112 0.100988  0.974 0.000396 0.000457
113 0.102164  1.948 0.000451 0.000464
114 0.102725  1.948 0.000410 0.000514
115 0.103707  2.435 0.000421 0.000481
116 0.104874  1.461 0.000424 0.000487
117 0.105715  1.948 0.000436 0.000495
118 0.106587  0.974 0.000438 0.000506
119 0.107227  1.948 0.000451 0.000512
120 0.108075  1.948 0.000451 0.000521
121 0.108976  1.461 0.000464 0.000530
122 0.110135  1.948 0.000466 0.000537
123 0.110791  1.948 0.000475 0.000550
124 0.112237  1.948 0.000486 0.000557
125 0.112686  1.461 0.000535 0.000565
126 0.113493  2.435 0.000502 0.000575
127 0.114282  3.409 0.000505 0.000581
128 0.114648  1.948 0.000518 0.000592
129 0.115823  1.948 0.000519 0.000644
130 0.116480  1.948 0.000532 0.000611
131 0.117146  2.435 0.000580 0.000621
132 0.118618  1.461 0.000594 0.000629
133 0.119803  1.948 0.000552 0.000640
134 0.120412  1.948 0.000564 0.000685
135 0.121056  2.922 0.000554 0.000660
136 0.122308  2.922 0.000584 0.000670
137 0.123315  1.948 0.000571 0.000681
138 0.123769  0.974 0.000601 0.000724
139 0.125523  2.435 0.000588 0.000699
140 0.126400  1.948 0.000617 0.000709
141 0.127269  2.922 0.000605 0.000757
142 0.127747  1.948 0.000635 0.000729
143 0.128665  2.922 0.000622 0.000740
144 0.129034  1.948 0.000655 0.000751
145 0.130408  1.948 0.000638 0.000761
146 0.131438  1.948 0.000673 0.000773
147 0.132275  2.435 0.000656 0.000781
148 0.132825  3.409 0.000687 0.000830
149 0.133674  1.461 0.000675 0.000805
150 0.134291  1.948 0.000705 0.000814
151 0.134751  1.948 0.000691 0.000863
152 0.135542  2.435 0.000767 0.000835
153 0.136862  2.922 0.000711 0.000901
154 0.138051  2.922 0.000742 0.000912
155 0.138463  1.461 0.000727 0.000919
156 0.139154  2.922 0.000761 0.000880
157 0.140268  2.435 0.000747 0.000941
158 0.140854  2.435 0.000780 0.000906
159 0.141894  2.435 0.000766 0.000916
160 0.142474  2.435 0.000800 0.000926
161 0.143521  2.922 0.000833 0.000937
162 0.143933  2.435 0.000816 0.000949
163 0.144636  3.409 0.000820 0.000961
164 0.145552  2.922 0.000888 0.000974
165 0.146498  3.409 0.000838 0.000985
166 0.146846  3.896 0.000855 0.000997
167 0.147641  2.435 0.000916 0.001009
168 0.148609  1.948 0.000874 0.001075
169 0.150098  1.461 0.000879 0.001089
170 0.150233  2.435 0.000941 0.001047
171 0.151182  3.409 0.000902 0.001059
172 0.151542  3.896 0.000916 0.001127
173 0.152613  2.435 0.000921 0.001086
174 0.153370  2.922 0.000933 0.001096
175 0.154198  2.435 0.000949 0.001108
176 0.155038  3.896 0.000993 0.001125
177 0.156113  2.435 0.000970 0.001134
178 0.156830  3.409 0.000975 0.001148
179 0.157742  2.922 0.000992 0.001163
180 0.158478  2.922 0.000998 0.001213
181 0.159324  3.409 0.001056 0.001186
182 0.159659  2.922 0.001017 0.001201
183 0.160144  2.922 0.001034 0.001216
184 0.160929  2.435 0.001081 0.001231
185 0.162440  2.922 0.001056 0.001245
186 0.162711  2.922 0.001048 0.001298
187 0.163767  2.435 0.001088 0.001271
188 0.164955  2.922 0.001108 0.001284
189 0.165826  2.922 0.001110 0.001303
190 0.165688  2.435 0.001095 0.001317
191 0.167226  2.922 0.001132 0.001375
192 0.167874  3.409 0.001120 0.001346
193 0.169029  2.922 0.001152 0.001360
194 0.168967  3.409 0.001142 0.001378
195 0.170464  2.922 0.001180 0.001440
196 0.171170  1.948 0.001206 0.001413
197 0.172650  3.896 0.001252 0.001425
198 0.172622  2.435 0.001244 0.001453
199 0.173980  3.896 0.001276 0.001463
200 0.174313  2.922 0.001218 0.001470
201 0.175511  1.948 0.001298 0.001482
202 0.175937  3.896 0.001240 0.001547
203 0.177166  2.922 0.001276 0.001560
204 0.177601  2.922 0.001306 0.001535
205 0.178893  3.409 0.001301 0.001600
206 0.179140  3.409 0.001331 0.001567
207 0.180102  4.870 0.001373 0.001591
208 0.181317  3.409 0.001356 0.001604
209 0.182601  3.896 0.001352 0.001662
210 0.182293  3.409 0.001338 0.001638
211 0.183537  3.896 0.001380 0.001715
212 0.184478  3.409 0.001366 0.001725
213 0.185825  3.896 0.001401 0.001731
214 0.186191  3.409 0.001411 0.001700
215 0.187061  3.896 0.001430 0.001763
216 0.187773  3.896 0.001433 0.001833
217 0.188589  3.409 0.001456 0.001832
218 0.189518  4.383 0.001519 0.001784
219 0.190500  2.922 0.001480 0.001848
220 0.190956  3.409 0.001530 0.001808
221 0.191797  3.409 0.001565 0.001830
222 0.191972  3.409 0.001516 0.001893
223 0.194418  2.922 0.001540 0.001867
224 0.194798  4.870 0.001594 0.001880
225 0.195701  2.922 0.001561 0.001957
226 0.196570  3.409 0.001632 0.001927
227 0.196536  4.383 0.001637 0.001943
228 0.197843  3.409 0.001609 0.002016
229 0.199684  3.896 0.001616 0.001987
230 0.199721  3.409 0.001674 0.001994
231 0.201196  4.383 0.001650 0.002075
232 0.201436  3.896 0.001713 0.002051
233 0.202674  3.896 0.001677 0.002143
234 0.203735  4.870 0.001698 0.002158
235 0.204305  3.896 0.001706 0.002198
236 0.205065  3.409 0.001776 0.002130
237 0.205826  4.383 0.001718 0.002202
238 0.206319  3.896 0.001822 0.002173
239 0.207507  3.896 0.001803 0.002199
240 0.208553  4.870 0.001847 0.002213
241 0.208758  4.383 0.001776 0.002315
242 0.210935  3.409 0.001859 0.002299
243 0.211276  2.922 0.001865 0.002300
244 0.211678  4.870 0.001902 0.002304
245 0.213002  4.383 0.001839 0.002382
246 0.214413  3.409 0.001885 0.002388
247 0.214742  4.383 0.001927 0.002365
248 0.216285  3.409 0.001914 0.002449
249 0.215848  4.870 0.001902 0.002503
250 0.217009  4.870 0.002001 0.002452
251 0.217731  3.896 0.001937 0.002549
252 0.218619  4.870 0.001977 0.002538
253 0.223681  4.870 0.001971 0.002594
254 0.220767  4.383 0.002072 0.002543
255 0.234107  3.409 0.002000 0.002641
256 0.222621  3.409 0.002048 0.002674
257 0.236506  4.383 0.002087 0.002615
258 0.225277  4.383 0.002080 0.002719
259 0.232777  3.896 0.002119 0.002658
260 0.226757  3.896 0.002111 0.002760
261 0.228561  4.383 0.002153 0.002788
262 0.228311  4.870 0.002150 0.002840
263 0.228919  3.896 0.002191 0.002820
264 0.229877  3.896 0.002240 0.002813
265 0.231331  5.357 0.002240 0.002859
266 0.231975  4.383 0.002213 0.003006
267 0.232629  3.896 0.002275 0.002878
268 0.233432  3.409 0.002247 0.002970
269 0.233824  3.896 0.002262 0.003006
270 0.235087  3.896 0.002287 0.003018
271 0.235779  3.896 0.002350 0.002981
272 0.235915  3.896 0.002321 0.003105
273 0.237652  4.383 0.002393 0.003148
274 0.237671  3.896 0.002422 0.003139
275 0.238324  4.383 0.002418 0.003143
276 0.240207  3.896 0.002384 0.003200
277 0.240439  4.383 0.002455 0.003216
278 0.241143  4.870 0.002473 0.003228
279 0.242173  3.896 0.002503 0.003244
280 0.242629  4.383 0.002507 0.003288
281 0.243646  5.357 0.002483 0.003339
282 0.245029  4.383 0.002494 0.003397
283 0.245845  3.896 0.002523 0.003436
284 0.246654  4.870 0.002534 0.003442
285 0.248311  4.383 0.002607 0.003444
286 0.248409  4.870 0.002618 0.003447
287 0.249614  3.896 0.002638 0.003475
288 0.249461  5.844 0.002629 0.003511
289 0.251452  4.383 0.002679 0.003558
290 0.251877  4.383 0.002673 0.003567
291 0.253053  4.383 0.002721 0.003607
292 0.253392  4.383 0.002712 0.003593
293 0.255230  4.870 0.002762 0.003698
294 0.255028  4.383 0.002705 0.003688
295 0.255312  5.357 0.002803 0.003747
296 0.257367  4.870 0.002795 0.003808
297 0.257985  5.357 0.002798 0.003833
298 0.258218  4.870 0.002820 0.003776
299 0.259750  5.357 0.002831 0.003879
300 0.260054  4.383 0.002859 0.003928
301 0.263896  4.870 0.002936 0.003908
302 0.262232  4.870 0.002931 0.004020
303 0.263183  4.383 0.002982 0.004007
304 0.265205  4.383 0.002961 0.004045
305 0.266069  5.357 0.002950 0.004052
306 0.266890  4.870 0.003003 0.004124
307 0.267572  4.870 0.003059 0.004112
308 0.268328  3.409 0.003043 0.004190
309 0.269798  5.357 0.003073 0.004204
310 0.269307  4.383 0.003021 0.004228
311 0.269986  4.870 0.003133 0.004286
312 0.270640  5.357 0.003058 0.004265
313 0.271187  5.357 0.003152 0.004367
314 0.272427  5.844 0.003127 0.004328
315 0.273363  4.383 0.003210 0.004352
316 0.273513  4.383 0.003202 0.004457
317 0.275284  6.331 0.003245 0.004444
318 0.275477  4.870 0.003243 0.004464
319 0.275392  5.844 0.003273 0.004509
320 0.277541  4.870 0.003266 0.004606
321 0.279011  5.357 0.003309 0.004567
322 0.280012  3.896 0.003312 0.004645
323 0.280350  5.357 0.003333 0.004645
324 0.281176  5.844 0.003346 0.004639
325 0.282171  5.357 0.003368 0.004676
326 0.283163  4.870 0.003385 0.004691
327 0.283629  5.844 0.003397 0.004774
328 0.284170  5.357 0.003430 0.004804
329 0.285575  4.870 0.003436 0.004819
330 0.286342  4.383 0.003474 0.004860
331 0.287361  5.357 0.003474 0.004866
332 0.288378  5.844 0.003487 0.004904
333 0.288497  5.357 0.003503 0.004938
334 0.289039  4.870 0.003533 0.004972
335 0.290672  4.383 0.003547 0.004982
336 0.291525  4.870 0.003570 0.005131
337 0.292070  5.357 0.003520 0.005089
338 0.292176  5.844 0.003606 0.005095
339 0.293883  5.844 0.003567 0.005159
340 0.294246  5.844 0.003636 0.005184
341 0.294436  6.331 0.003631 0.005228
342 0.295879  5.844 0.003686 0.005226
343 0.297825  4.870 0.003663 0.005237
344 0.297827  5.357 0.003720 0.005276
345 0.298433  6.331 0.003714 0.005306
346 0.298840  5.357 0.003765 0.005356
347 0.300181  6.331 0.003707 0.005390
348 0.301688  6.331 0.003797 0.005431
349 0.302017  5.357 0.003794 0.005429
350 0.301972  5.357 0.003840 0.005502
351 0.303922  6.331 0.003828 0.005531
352 0.305279  6.818 0.003907 0.005572
353 0.305234  5.844 0.003888 0.005591
354 0.307105  6.331 0.003933 0.005668
355 0.307254  4.870 0.003916 0.005660
356 0.307551  6.331 0.003983 0.005689
357 0.309243  5.844 0.003921 0.005744
358 0.311834  5.844 0.004007 0.005748
359 0.309605  5.357 0.004017 0.005825
360 0.312994  6.331 0.004066 0.005827
361 0.313050  7.305 0.004051 0.005878
362 0.313341  6.818 0.004098 0.005920
363 0.314723  6.331 0.004096 0.005956
364 0.314166  5.357 0.004151 0.005971
365 0.316176  5.844 0.004135 0.006020
366 0.315803  6.331 0.004193 0.006070
367 0.317131  6.331 0.004201 0.006074
368 0.318034  5.844 0.004234 0.006173
369 0.319364  5.844 0.004267 0.006188
370 0.320321  6.331 0.004262 0.006225
371 0.321453  6.331 0.004282 0.006243
372 0.322889  7.305 0.004327 0.006301
373 0.322910  6.331 0.004334 0.006327
374 0.323432  7.305 0.004369 0.006339
375 0.324115  6.331 0.004363 0.006401
376 0.324834  6.331 0.004454 0.006391
377 0.325638  6.818 0.004434 0.006450
378 0.325854  6.818 0.004455 0.006523
379 0.327353  7.305 0.004465 0.006496
380 0.329159  5.357 0.004504 0.006634
381 0.329406  6.331 0.004528 0.006633
382 0.329940  5.844 0.004533 0.006625
383 0.331191  6.818 0.004565 0.006673
384 0.333201  6.331 0.004581 0.006741
385 0.332470  7.305 0.004604 0.006760
386 0.334287  5.844 0.004620 0.006797
387 0.335437  6.818 0.004646 0.006840
388 0.335297  6.331 0.004665 0.006895
389 0.336549  6.818 0.004716 0.006890
390 0.338558  6.818 0.004717 0.006930
391 0.338048  6.331 0.004738 0.006988
392 0.339399  6.818 0.004750 0.007015
393 0.340287  6.818 0.004801 0.007030
394 0.342298  6.331 0.004796 0.007108
395 0.341527  5.844 0.004850 0.007108
396 0.343081  5.844 0.004847 0.007172
397 0.344048  6.818 0.004910 0.007241
398 0.344936  6.331 0.004917 0.007256
399 0.345485  7.792 0.004975 0.007293
400 0.347065  7.305 0.004967 0.007332
401 0.347318  7.305 0.005031 0.007373
402 0.348884  5.844 0.005014 0.007414
403 0.348608  6.331 0.005070 0.007445
404 0.350282  6.331 0.005068 0.007495
405 0.350934  6.818 0.005100 0.007502
406 0.352124  5.844 0.005109 0.007540
407 0.351167  7.792 0.005146 0.007585
408 0.353678  6.818 0.005136 0.007617
409 0.353674  7.305 0.005227 0.007774
410 0.356516  6.331 0.005162 0.007692
411 0.355904  6.818 0.005243 0.007733
412 0.358279  7.305 0.005265 0.007752
413 0.357400  6.331 0.005286 0.007835
414 0.358505  7.305 0.005281 0.007887
415 0.359268  7.792 0.005323 0.007910
416 0.361549  7.305 0.005325 0.007921
417 0.361761  7.792 0.005429 0.008018
418 0.362007  6.331 0.005431 0.008034
419 0.364090  8.279 0.005427 0.008054
420 0.363120  7.305 0.005462 0.008076
421 0.365703  7.305 0.005493 0.008122
422 0.364643  6.818 0.005492 0.008181
423 0.367049  6.818 0.005520 0.008207
424 0.366494  6.818 0.005547 0.008232
425 0.369201  6.331 0.005569 0.008296
426 0.369238  8.279 0.005571 0.008334
427 0.370721  7.792 0.005592 0.008380
428 0.370270  7.305 0.005618 0.008398
429 0.370876  7.792 0.005677 0.008507
430 0.373159  6.818 0.005660 0.008538
431 0.373634  8.279 0.005718 0.008574
432 0.374213  8.279 0.005742 0.008615
433 0.375156  7.792 0.005707 0.008587
434 0.375825  7.792 0.005776 0.008602
435 0.377591  7.792 0.005797 0.008743
436 0.379160  7.792 0.005771 0.008790
437 0.379816  7.305 0.005786 0.008820
438 0.380357  6.818 0.005856 0.008832
439 0.381831  6.818 0.005830 0.008848
440 0.382916  7.305 0.005923 0.008882
441 0.383410  7.305 0.005883 0.008951
442 0.383179  7.305 0.005941 0.008993
443 0.385347  7.792 0.005959 0.009064
444 0.386811  7.305 0.005978 0.009128
445 0.387261  7.792 0.005970 0.009111
446 0.387686  8.279 0.006074 0.009187
447 0.389854  7.305 0.006022 0.009197
448 0.390018  7.305 0.006141 0.009297
449 0.390632  7.305 0.006076 0.009288
450 0.390223  7.792 0.006212 0.009347
451 0.391828  6.818 0.006158 0.009402
452 0.392429  7.305 0.006228 0.009449
453 0.393905  8.766 0.006184 0.009482
454 0.394190  8.279 0.006276 0.009488
455 0.395081  7.792 0.006243 0.009622
456 0.396007  7.305 0.006308 0.009622
457 0.398095  7.305 0.006350 0.009623
458 0.398102  7.305 0.006399 0.009690
459 0.398782  8.766 0.006348 0.009737
460 0.400257  7.792 0.006446 0.009748
461 0.404398  8.766 0.006455 0.009800
462 0.401877  7.792 0.006491 0.009912
463 0.401946  7.792 0.006493 0.009940
464 0.402818  8.279 0.006556 0.009976
465 0.404984  8.279 0.006524 0.010021
466 0.405098  8.279 0.006612 0.010066
467 0.405884  8.279 0.006642 0.010061
468 0.407209  7.305 0.006669 0.010087
469 0.408018  6.818 0.006657 0.010138
470 0.407762  8.279 0.006767 0.010178
471 0.412653  7.792 0.006732 0.010249
472 0.411472  7.305 0.006769 0.010266
473 0.411547  7.305 0.006793 0.010317
474 0.416488  7.792 0.006794 0.010444
475 0.413693  8.279 0.006810 0.010447
476 0.414976  8.279 0.006850 0.010488
477 0.415644  7.792 0.006896 0.010449
478 0.415043  8.766 0.006945 0.010562
479 0.416832  7.792 0.006958 0.010553
480 0.417807  8.279 0.006971 0.010687
481 0.419517  8.766 0.007018 0.010724
482 0.419285  8.279 0.007073 0.010751
483 0.421435  8.279 0.007083 0.010804
484 0.421773  8.279 0.007099 0.010862
485 0.422447  8.279 0.007140 0.010869
486 0.422595  8.766 0.007088 0.010910
487 0.423690  8.766 0.007189 0.010993
488 0.424368  7.792 0.007241 0.011049
489 0.426237  8.766 0.007287 0.011023
490 0.426310  7.305 0.007276 0.011149
491 0.426499  8.279 0.007330 0.011126
492 0.428671  7.305 0.007332 0.011208
493 0.429370  7.305 0.007396 0.011194
494 0.429619  8.279 0.007349 0.011284
495 0.432144  8.766 0.007443 0.011334
496 0.431766  7.792 0.007460 0.011384
497 0.432623  9.253 0.007566 0.011382
498 0.437782  8.766 0.007494 0.011480
499 0.437310  7.792 0.007595 0.011455
500 0.434372  8.766 0.007555 0.011466
